1010011100100011110010100000111101000001010001110111111011111111
0010110001010001100100001101101000100000111100111010100000101101
0110110110100101001010110010101111101111110010001011011001110100
1001000101000101011101000001111100101111111110001010101000001111
1011101001010110110110111111100110010001000000000011001100011010
0110000010101000011111111100110110010010011010100100100001100010
0100110011101111101010101010011111000011101011010011001100111110
1110011110011111110111110111011110110011011111101101110100000110
0100010001000010010110000001000011101111001001110101111101110100
1100000000000111100010011011101111101111010101110111000000000000
1100011111001111110000110001000111000011111110001110111100011011
1100011110000010111011010011010101111110010010010110111010100101
0101000000100110100000010111000011010100001100011100010011101100
0111001100001000001100101000011000010011100101010000011010101001
1011010100001100110111001010100100111001011000011101100111110001
0010011000000100010010010001101001000010011000000000110001010101
0110110001111111101101010111000000010110101000001000111110001101
0011111101100001001000001001110111000100010110001100001011001110
1001011110001011111000000000110110100110101101010001110000001100
0010010000110110100010001011101101010111000100011110000111101101
1101110001110101011010010100101111111000010111100100100111101101
1110000111110000101001111001011101010011001100000001010001111101
1111110100010110110100100001001111001111100011000010010110111000
0101000000000000101010101100011110100010000100011111100100011110
0101111111110000100010010011111011100010001110001011010101001101
0001100011111001101110011101101011010111001111101010100001111000
0001100000111100001011101010010100100110111101100001111000000001
1010011011001111001101101001110011011110111100000010000110100101
1001110001000001010100100100111101111011100111011010110010001101
0111010100100001001010010111000100011000010100110001111010010010
0111100100101101001101100100011010010101110000001000011111011101
0001100111111110000000110000000100010000011001100011000110000101
1101100001011100100111011110100001011110011001000100011000000001
0101101001000100101101101000010110001011100100010110010111000001
0101100000010100101100100111001110101000010001101110000110000011
1111110111000111110000101000001101001100111010001000000011100100
1001100001000001001100001101001010100100100101110101101001000100
0001001110000010111110101111110001010111100100111100111111001101
1101000101100110010010100000010101110100111011100000111010110001
0101000011100110010111000001111011110011011000001001101000111010
0110010110011011011001001010111011110100110111101111110111110111
1010110110010111110010100101100101011111001111011100001011000000
0100011111010110110011101000110100100111101000001010000111110010
0010101001010111101010101000000010001101000111100010111110110001
0000001001101111001101110011111111011010001110011011101100010010
1011001111010010010111100010010111111101101011011010011101011001
0000010110100110101111100101010001101001110010100010111010000110
1011100001111000011000010000000110111111111000001011000111000110
0110110010011001100001111111000100111001000100000100100101000000
0011101111100010100100010101000110011001000101001011000100101100
1001111101010100101101001110110001110011010010001110100000100111
1010101010101110101111111000101000011011110001100100000000110001
1010110000100111101110001000101001110000010000100011110011010011
1001010100011110110110100011111000011100111011011100010000111100
1110100010001011001001111111111101101011000100011110010000111100
0100100010001111111000110000000100101101101001110000111110011101
0001001110101101111110101001010111011100111100010110001110110001
0100101111101001110010001010111011000010100000011010101100101101
0011111101101001000111110001000001101100010101001100000000110011
1110001100100111111011010101010101011001111100111100110010100001
0101110101000100100000101010101100001011100000101110100100001010
1000111100010001101011110110100100011010000000011000000001010011
0011000111110111100111010001010110101000010110001000101011010110
1110100100101111011110001001100111011101111100111000110100100100
1100110100011111000111001010011000001110000111110101000111111110
0101111111100000110011110101001011110100011110011000110100110000
0110111110011011010001000111110101000101000110111011100110011000
1101100001000011111110010101110011011111111010000101111100111111
0001111111101011110101010101001100000010111011110000100011101001
0001001001100110111111111010001011000110101101100010110000111101
0100001101011100100111100000100110001111111010111000100101100011
1000001110001110101110111000110011110011111010110000000111100100
1001100010001111110111100111000100100001111100011011000100100011
0101110101001101011100100000110101001000010000011101011010101010
0100000110111110000110000110100101011011001100011011011000100001
1001101011000101110100111010010011000100001000001010010010101101
1010100011011100001000100101111100100000111010010010101001100110
1111101011010100110011111011110101001111000010101000110101110001
0101000011001010011001010001111110010100111110001011010110000000
0101100100001110001110001111000010100110100111001111111101011011
0011000111011101111101011000011100000011100010001001000111101101
0110100100100100010011001101101100111000010101111000000010001001
0101111111001101011011000111111010001111000100111010011110111000
0010001100110100111111111111100101111000010111100100110001101101
1111011100010010101101011110000111001101101100000011000111010101
0101011011001011111001010011000000110100101010111100100001101010
1111001011010101010101110010111011110001011111010011001100111011
1110010011011110000101111100110001100100001010010110100010010110
1011010110111111010001101110001101011001110000001101100111100111
1000111100101011110001010000010011100010111110110110011001011001
1110011000110000110111100100100110011101011101110010010000110111
0110100100110110010011101100110001010011001010111001001001111110
1111101111111111001111001100110101000010100001011111110100101011
1001011111100010001001000010000101111010011000001000000110101010
1000011111110100010011100011001101001010011101000000001000010011
1001001110011111011101000000111110011000110011111101010011110101
0010000000001010111010011011100111000101011110101000101101001000
0110101010111101100110111011101101101101111101000001101111001111
0000111111111011110110110101101011111111111011000111001110001000
0101111011011101100110011001001111100100011111001101001010110001
1000110110101110101101110100011000110110110011010011100000101110
0111000011100001111100100010001101000001100011000110011100011110
1100101000000101101101110001000010011011110010001000011000011111
0001011011000100100100101010110011101010101100000101100011110001
1000111010010001101001110111010000010011010111101011111010101011
0110000000101101111101011111110111000101111101000010001111110010
1110011011101110001001100001111101010001100011010000000001110110
1100111000000100100010110110011110100010011001010100010001011000
1100011100011101110000001000001111100110010101001100110110110101
0100010010010010110101011100101110110100100111100111110011011010
1101100110000101110000100111011001010001010011010000000101000100
0001100110100011101100111100101101100110000100010101111001001110
1001110100010101100110011101100100111010000001001111111000001000
0101110101010000010100010101110011101001111001101111101101011101
0100100110101110110001110010111101000110010001111101010110011000
0111101010110010110000011100000110101111000110011011100101101111
1111111101011110111011101010000000011000110111001011001001000001
1111111101100001111111000111010011011011110011100111101101110100
1001101000000001101010100101100000000010110111000110100001110101
0110010111110000001010011010110000110001011011011110111000111101
0111011110110001010000011010010110110111001111000110000110100000
1011110010000010110100110010011010101000101100100101111100001001
1110000000011111010000110011111101101000001101100011100011100010
1011010101101101100100100100111000101111011011010001000001000101
0010111111101010110111011111111100100010000010000011000011111111
0101100001001010001101100010000011100010111101110000111101101101
0011000101011001111111011011011101101011001110011010011110000110
1010011010010111111110110000001101001101101111110100101010001100
0001100110100111001101111100011010100111001101010110101001110110
1110011110011101001001011111101001101001001010001011101100101010
1001010101001111000011001000011100110101110001000110001101111011
1000011011000101001000100010001100011011100100011101000100101001
1011111011011000001111100011000110001011010010100000001000101101
1001010110111000111110001011011110110101011011011001110101111010
1011010110000000011110101100010011001101010011100010001100111000
0011011010011000010000011001000011000111111010010101100111010000
1001000000000010010001010001000101110010101001010001001110100010
1011111000010101101010111010001100100001101110001011101110111110
1011001110100010010101010001100110010001011111011011000101101011
0011011010111111110001000001001111011110011010001111001001100100
0110111110010000101110111110001001001001001100101111101000111100
1100101011011010111110100100101011101001011101010001011000100111
1011000000111010000000111011000110010111011010101010011111010100
1101011100101111101111010010010001011101011110110000110111010011
1100011000001110100001101001011111011110001000010001101011101101
1101100001001011000110011001111000111110001100111110001011110111
0001011100100111111010011010110011101100001101011001000110100001
1111101111111110111101111001000001110100100000011000100001001100
1100000011111010011100110000011100110100110101110110000001010010
0001011100011110000111001101111011100001101001001010010011100010
0100010000011000010011111010101110101001001001110101110000101010
0010000000100010011101101101000101000110000110011010010010101001
0001011100001010110000000100100110100101010100000011101111111011
0101100111001101001111111100010010000011101100111000001000111101
0101011110111001011010110111101011001000100110100110101100010101
0011110110011100100101110110001100111000001101010101010011111001
0000110001110001100110100111100011000101110000010111011100000101
1100101100101000111110111011100101101011011010111011100100001011
0010001001000001100110010111111010101000110001101111001100101111
0011011000110011101000110101011000000010001111011100100110110100
0101001000111100100101100011101101101100000011000011010100011101
1001000110100110100010010100001010001110010011101010010000011001
1000110111111111101001011111110010000101000100111111011110001001
1110111001100111010111101010100011000100000011110100001100110111
1110001100111100001101111100000100110111010001101000111100111110
1010001100000101111001101100110110101001010110111011111101101101
1011100001111100010011101101000110101110011011101110011111110001
1001101101000000100010011100101001101010000110010001010010110100
1110010011111111010001111010001110001111100001111011111011010001
1101000000101010011110111011011011101011000110001010101000101101
1010111111010001110110001010101001111000111110011101011000010111
0100000001001010001101011010001000110010110000010100011011101100
1100000101100011010100101100111001111100100010100100001110010010
1011011011111111001000100100101111100100010111101010111101100000
0101101010111100101111100000111100111000011110100001011111111001
0110001101000101111110001100111100000100100100010000100111001000
1010100001100011110110110101001001011011100011100001100111001001
1101111111110010100100100000111011100110100111111011101001010100
1111011101111111001110001101111000111100011100110101110001011100
1011001111011100011101101000000011010001100000101110110001101001
0100001110001010101100001111000110011010100101010010001000101111
0101010011000101000011011110110011000010110111111100100010011000
0111100000010110111111001101110010000010011101101110100000111101
0101001111110001010110101000010101001100101011010001000110111001
1000101101001001000111000100001100000001000000000110110000000001
0111100001110100000111110010110100101101000001010101110110000011
0101110001110010001010000000101111101001110100110011101000111000
0110111101000100001010010110110101110110100001010110010110101001
1100100000100000010000100110101000000111100011111110101010011001
0100111100011110001000100010000010010011011100101101011100110110
1000111100110010011011111110110010010101100101001010001110000111
0001001010011100110100000100001011111101010000010110110000111101
1010111101010001011100010111111011101010010000010110111110111010
0011110100110101111001000100011011111110110000100010000101000100
1110110101101110101100010000010010111001010101010010101001110001
1100110011000010011110111001001100110010011000011100110111010100
1010010111110010010001111100110101001001100000110001010101010011
0000000111010001010001111100110110111011100110101010110111111101
1010111100100111110000111110010011001100000001000011101000100000
1111000100000010000101101110010100010000101010110111110011100110
1001000011000000011101110111110001010010110010010110110010000000
0000101100001001000100001110101011001000111100011111001100001100
0000010111111110111000111010100001011000011101110000110100011110
0100101110011001000010010110000011101100000111011100101000010000
1011111001110011110111101000100110011011111000001110100111000101
0111001011001110011001000010000111101011110000000011100000010100
0010000111000001010000011101110110111001100001101101100010101000
0011010100101101111110001011010111000111001000010000010011011111
1001111110011000011110110101101010000100101010011010101111001100
0000011100011000101001011001110110000101110011100111111001011111
0111010110010000001101010111101110101111100110101101111000110100
0010100001001010110001101100110001110111010100111011000100110110
0111111010100111000010100100000000111000000011110011100100111001
0010001101001111111001100101001100100010110110110010100110101100
0110110101111001111001101111110111001000101100110000000001110001
1111110100100111001011011010100001011000110001001011010100110001
0000010001100101011000001100011110000100101100111101111000011100
1100010110001010011011101111111001100111010101110100111110100001
1000010010011001010111111010000000010101111110001000011011110011
1000101111111000100111111000001011111111011100001001111101100001
0011100111111101001011100101010011011011011111110000000110001001
0111101111001001101010011110000010100100111000101111111110001100
1001101101110000001001010001100110111110111110000010100101011010
0000010110001011111111000010011010011010111101100011010101011011
0011101100010111001110101000011010111101101010011100010101001010
0011011011111000110010111110100000001101110000110000001001000111
1011100101110101100010001110100110000000001011111001101100111011
1010100100100010011011001011100110110100011111110011100100011010
0111011011001101110010111101111001011011000100010110110111101010
1110010100010010101111000110000000011110000001111110001101001100
1100111101000011010010110100011111001111001111101110011000101100
1101110010001001101101011011001001001100110011011101100001111001
1111110001101000101010010101101101011010000111100011001011100000
1011011010110000110100011011101100001000100010001001110011101110
0001100100010101100000010101101100111101101001001001000101000100
0000101101000010010110101111111100110011100110111000001110001111
0010111100111010010000111100011011011110101001011010011001110011
0111001111100010010100001001100101111110011111010010010101100111
1011011011111111110000000010010011000011011001011011110010010101
1110101100110001101111001000100110100101011110101110100000011011
1111110000110000111101011111101000011100110110100010101011000001
1100000110011101100011011010100101011110010010110110001100111110
1000111001001010010110010000101000100011110001100010010100010000
0001111110000000100010010011011001011100110100110011010011011100
1010011101111011100011001111001010010110011101101011101111001100
0101101011111000100001010101100001100110000100100001000110110010
1001101111010011111111101011001011001010000001011110101000100010
1100010100011000111110001001111010001111101011101101101010010000
0111010001001110111001011001000001100011010011011010110010100000
1001110101101111110000110111110111101011111111111001000001110100
1001001000101010010000111001000100001011001001010101111011101010
0101100001011000010010100000111011001010001111111101101110101110
0001001101011111101010010000101001101011000110100001100101001011
1010101011100110110101111000000111100011011001101101110101000001
0111000001101101000000111011111001100000000010011111010101110001
1100011010100101001000000011011101100110110000000110100010000010
0010111000110110011110110011111001111000100110001100100001000010
0001111110001000010100000010010011001101010001010100101100110101
1000101111110010011110010010011010000111111000100100000010100111
0100100111000010011000110010111110011100100011001010011000011110
0110110010011000101101110101111100011111011010011001101101011000
0101011010111101010110110001010100000110011011010011001110100110
1010100110100101101101100011101110110001010111100011100010010011
1000001101101110010110001101000110100010010001001000000100110111
1010111100001111110001100001010011001000110001001100101010010100
0000101110101110000010010110001011101100001101111011010100100001
1001101010111111111000000110100011000101110011100001110110101000
1000101001111100100110100111011101110100100000011001011011010001
1010111101011001011101101010010011011000111101010010000100110000
1011000011100100110000000010000101000011000110011011101001000010
1101110000100000101001000010101000110111010001111011011100010111
1011001110111111101010010110101110010110101001100100011101000011
1000110000111011111110100011110101100011111101000011111000001110
0010011101110011000001111110000001011001110100011111110101011101
1101111001001011101010011010000010110011000011111001101111010000
1100101110100010111011001001000110110001110101010011101100000110
0111011001000000000011110110011011110001010110101100110011000101
0010001000001110010100111111010100111000111101000111011110001000
1111001000101111001001010111010000110000000011111101110111100010
1001001000111000101111010101010000010100100101100010010110110000
1100111111111011001010001010000000010101101001100010011011011010
0101110101000110100011110100001101111101101110100011010100001010
1101101100111000001101100001011110100010010010111000011111101100
1101110011010101011101011101001110111101010010101011001011101001
0110100000100111100110110011110111000110100011010111111011101101
0101011111110111100000010111011110101000111010010111101101011010
1100110101011111100110001010011010011001011101001100111100100111
1110011000110110001110010110111111001100101100010111010010010111
0001101010111001011100101110110110110100111011000111000111100101
1110011011111010110011000011011000001100110111011110100011011110
0010100010000000110001011010011110111010010111100111111111001000
1100111111111011010101001110111101011110101111000110101011111100
1100001001001000011001011101011010010101000010100100101001011010
1111001001011001010010110010000111000011110011010010100111010100
0111110101100000110010001111100011110101000110101000100000101101
0000001100011010101101101011011101001111010001010101110011000001
0010011101100110001010101111000110010001011111011000000110111111
0100110110011000000100010001010100101011101100000110001011111110
1000100100111011111001011111111000100001000000100010110000010000
1001011110010011101000000111100000101100101101110011110101111001
0000101100110111100001010100000011110100001100101110011000101111
0001100011111111100000111000000111010000110110001100110100001100
1001000001000111111010001110101000001101111100001110011001111101
0011011100100011000010010011001011010110110000001001101111110110
0101111001011011001110111011100101011100000101101111110000000110
1010100101011111011000101011001100001100011101101001111011111111
1101110010010111111000101000110001011100101101001100110000001011
0000101101110111110001011101110000000001101111101101101010110000
0111111101101010100001111100000110100101001100111101000110111000
1011101000011011001111111010111111001101011110111111011001110110
0011110101010000010111101011011101111110000011101010110111000011
1010010110100110011110101000001000011111011001101000000110110000
1100001101100100001100011101111010110100100010000111100100010010
1000001101111111111111010100000010000001110101010000101011110101
1001000011110010110001011111010101011110101011111110011001110011
1001011111011111011111011010011100000001111101011010101000000001
1101110100111110101111011001101110101011000100000100010101100011
1001000000111101110010000100000110111010000100001001101111110010
1011101000111100100110010001010111101100010100101011101101010100
1111001000110110100011000001000010100001011110111100110000100101
0111110110000100111000101010001111110110011100111100110111000001
0010001110010110100100110011100110010000010000101010011101110011
0011101101000111000000001000010011011000000110101111111111010011
1101000000100001001010100100011001100011100110100110100100111001
1011100000010001000110011101010111110010100000000110110010111001
0101110111100101001000100100011000010110001101100111101000011100
1111111101011101110111111000101001101001111100111101100001011111
0000100000010101011011110001110001011100110110100101101100111001
0101100001011110110100100110111000110000001001100110110001101101
1010101010010010100111001010010100001100010110011100000110011111
1011101101111100100011000110001110110001101111101010001010101001
1010100110001001010110111110110110011001110000101010111111000110
0101001101000000011110101101100011110101111110100001100001111101
1110001000111110101010011010000010000111000100001000111101010110
1111000010000001011001101001101011100001101111100010011110100001
1000000010110000011100100100011010100001011111010100001010011000
1010101101100010101010111100111001000111101011000111000101111110
0101011001010101101001111010111000110100001111101001101111011011
1000100000101011110100100100110110100001101001000111010000001011
1001010011110011110111011001000111010100010111101011000100101111
0111110111110010010011000111101110000111111011111110001001010101
1111100001010011100010111001001011011010001101011111111001011100
0100110101100011011101100110011001101011010011101111110011011100
1001110110000011101001111011001110000011100010010100001001011111
0100001111010011010110110111110110010011011010010110001000100101
0101001011101010000010011100111110010000101100011111001011101001
0100101011100010110111001010011001000010101000110000110101000111
1001100100010001100000100101110100010001011110100010111110100011
1000110100000000111001100010010011101011001110100001111001011110
1101100101000110111001011001011100101011010110100001010000001111
1011101101011001010100111100100000010110001010110000001011101001
0000101011101001101011000100111011101000111101111010001001111110
0100101010001010111101000101000010101101001111111000001000100010
0000100100001011100000000100110001001011011111001100111010100001
0110000011101011111000011101101011110010100111110001010001101000
0010100010101111010000100001111110011010100110111000111011110010
0011101001011001100001011010110010101001111110101100011010100011
0100100010010111001001000010100111100011100100100101110100001101
1000110010111101100110110011001001010110110011100101010000000011
1101000001100111010001101011101000000111101111101011111001011011
0101000011010011000000101011111101010101001010011011011100000000
1100111111001010011000111011111000001000000100011111011010101010
1100001011110110000101111110110001011010001100100001001001001110
1110000011001110100100100010010110110101111001000011100000010100
0010100110010000111101111000100000001110011111000100000001101111
1101010000010101000101000100110101000110011000110001110011001000
0001101101101110001101111100100000011100000101110101111110010111
1101100001010111100010100001000101000011111101011111100101011011
1000001101001110111001101101110000110000010001001110110000101001
0011100101100010010100101000100111000110111100000100110101101001
1110101101101101110010111111010010010100111101100110110001100110
0110001111001001110100111111000001001110001011010111001010100101
1000100001000001011000001110110100010100010101110111000111001100
1100111010110100011001001110000001111001111100010000111101110110
0011001110100011110010001010010101011110011110001100010100001000
0111011010110011011011110100100000000000000100001000001111111011
1110110111011110001011001000101110110111100110100110101110001000
0110010000100011001111001101100100100101101110100001111011000001
0011111001001001011111000100001001110101010101111110000111101110
0100001110011010000101000010000100001011011101001001000000001110
0010000010101011100011110001001100110000010001111111011111101100
1010101011101010110110111001011110010010010110000010111100100111
1100011100111100000111110100110111010000111101010001011100100100
1110010101110101110111100010000111110010001001111111000010001111
0001010001001010101011001000010101101110000001011010001010111000
0100001010111000101000001010100011100001110101110010011001001010
0001001100011111001101110101010111100001100101111001100101100111
0010000011100000000100100000010110110000010011001110011111001110
1111001010100101101100000111011011011001101100101110111100010101
0010111111100010000001111011110110100011111000011001110010110001
0101101000000011111101001100110111010110001110011010000000001111
0110100100100100100001101000010110011000001110011000100011000010
0010100010000110110011000101000011011001011001111011010110011111
1000111001010001000100101001000001100010110100010010001110100101
1100101000100000101001000111111100110100101100111111011011101001
1101000111111001110001011101000101011110111001101111001110011001
0111100001111111010001001010001010101010110001001001111001000001
1111001110100111101111001011101001010010100011101000001100111110
0100011110000001001110101100001001011010001010011001111101000111
0010010111010100100110000000111100110010110111000100101110110110
1000110001110011000010000011111001101001011101110001101000111010
1001101101101011001011010110111010101011011001110010010111001011
1010000101111000111011101000010101101101011011111111111000101010
0101000101011011010011010110001000001011010110001011000100000011
1011111111010011110111001111010001000000010110000010001001100011
1111000010110001100101011110011001111111100001111001100100011110
0011001101011101110010100100011111110100010110000101001100110111
0101010000111010011011111110001011001011110000011101101111000110
1010101111100010110110111100011100011001100011111100000000011001
1011111011111110110001100110011101011001100111100110011110100110
0100010100111000011100110011011000110110001111100010010000101111
0110010001000011000010000011111001000101001010000011000111111110
0010010101001001011001100011110001101001101101001001111000111110
0111001000011011001110111001011101001100100001110111000100101000
1001100100111011101010100110110001001100010000100100101000100000
0001100001101101111011000110011000000000100110101011011001001110
1000100111010101110101010001000011110100001111011010000101100001
0000010100111000000111010011001000000001110000110100001000001100
0001101000111010110000011101001011011001100101111000000111010100
0101010010100110100010001001100001110001110100000000001100111000
1010001010111101101001000001001111100000100110001000010111011110
0101011111111110100001001001001000110000010011110011100101110010
0011001100101100011111001110100010101100010101101111101100110011
1110100001100010100101001000000001111100001111110010000110100011
0010100101111011111010010010001010100000011010100011110110100000
1010101001001011100001010010011110111111101000000110101111101010
0100000010000000010100110000110000000010101100110010001010100010
0001011000111010111111111110110010111000011101100100111101011001
0000111101110001100000001111010111010100111111101011011011111101
0101011001001110101100110111100011111010001110001010110101010101
0011000100011111100110101100100100111110010010100001010101000001
0111100100101000000011010100000101110101011000001011100101001000
1001010111110011010010111000000011111111001000100011111000010100
0101010111100111111010101010010101111100100000000010011100011010
1101010111100000011010000111100111100110101001000111010010000101
1100011000111111000100011010010010110111110010110110000001000001
1111010101101010001010100110111010101100110111110011101101100111
0000101010111010100100101111111011101010010100000010100011010011
1001001010110110110011110000110010101000010100000111101001000011
1110011111010101110110011111111110011100001011000110000111111000
0111000011000101110111100101000000100010000011010001101111000011
0100101010100000011100011000101101110111111010000111100011000000
1101011100010011100000010001011011111001111111001110011111111110
1000111110101111100010001010000101010000100100111111010110001011
0110010111000000001010011000000000000000001111110111001110100101
1011001101111011101101100100000000011000001101010101100111111110
1110100010011101101100110011011111010111110111011110001010110011
0100111001111110000010111111111010101010000001011000011110110000
1110011010000001000010010101101110011011011011110111101110100000
1010010000001111110101100011000000010000011101100110100101110100
0110101010101001001101011101011000110110001101100101110100010110
1000001111000110001000011101101100101001111001100001101100101111
1110111110101101000111000010101111111011011111000011000001111111
1100000001011111000010010001101100010111101000111010101011000111
0000111111111110110001110010000110010111100000011011111001011111
0010101101000110001001110001010111100010110111100100010001111011
0111011011001101011101010101010101010111010010001110111000011011
0111011010001010110101010010001110010111111010011101011011101101
0100000101000110100001001100111110110011110110001011100101010001
1101011111110111000101111101000001000100110011101111001111100001
0101111011110110010100010110101100010101110011101010010000000101
1010101011101001010110011011100110010111010001101111000111100010
0110110110111110101101010001010111110001100010110100011101110011
0010110100110000101011100101001110001111111010000101100000110101
0111111011010011100001111101010111111010111100001111101110110000
1110001101001101101000110100101110011101000000100111000100101000
1110001100110110110111100101011111101010011011010100000101111101
1001001110110111000110001101101111110100100101110001001011001001
1111110010001001001011101001011011000010110101110111001010111010
0111111101001100110101010110101010010011010101100100110110100010
1001101111001010101000110110001001001000111100110111100110011101
0000101101100010111010101011011001110000001011101010100001011010
1011011101110101101000000011111010011111001010000001010010001001
0110100110100000000100100110011100010101100010100100100100101000
0111010110001101100011001101110110111001111010110111100101001010
1010001001101000011011001010001100001110100000000000110010011011
1010001100010000101100001100000011110000111000101111110110110010
1001010010100000001110111101100110101011001110100101110100001001
0000100000010110111000111011101101111100101010111100011010000100
0100111011110000111100111001001101011100111111001011011010101001
1110100001110110100110100111010000101110110011101111100000101111
0111010111001001111100001011001010100000110011110010011000111110
0000100100000000100001110111100111110000011111110010101010110011
0000001110010111110100011111111111000010101111001100110010111111
1000110000101011111000100001110001001010010001101101100011000110
1001011000010010011011111110011110101001100011010110111001110011
0101100010011000111000100100110010100011111000000111010101100000
0010110010110001101100010011000010001100000011110111011000010101
0111100011010101101001011000101101111011111111101001111111101111
0000000010101111000111101011001100011101000100100110001100101010
0011001011100110100000110110111010101100111110001111001010110111
1101010000100111001100001001100000010100010000100011000010001100
1000011100111101011101000111100001011010110011000001100010100101
1100011110111110111101011010000000010111101011110001000110010100
1111000000111110001001001110110110000101100101100111000101110011
0011001011001011000001111101101110010011110000000110101011110011
1001101101010110100101010110110010101101000011000110111001101000
1100011111001001000111111101111101000110101010000100010001101001
0000000100011101110001100111010000000001000110110010110011110110
1000100110001110110101001001110011010100000101010101110111011001
1101110011011100110011010010110110100011000111101010101110000011
0100100010110001010111100000001100110011001000110100111010110001
1111101010101111011101010111001010010000110001000101011110110000
0111101110011111101110100000111100001000001100111111110101010101
0000001111001000011111110000011001011101001110100001100000011010
1011110100101010101101111111110111100100011100111000000110011001
1010111000100111010001010111000100100010110100101111001011001001
1100001101101101100110000100101011000111110000111010110100101100
0110010010011111001011100011000001111111001011010010010000110011
1100111111010000110000100110011011100100111011110110111001011111
0001101111100111100010010110010111001110011101101010101001000001
0011110000011111011110001011101011010011000101101111011001000111
1011100000110010101101111111100010111111110101110000000110000001
1011011110100011001111001010100010001001001000111010001111100101
1011111100001111101111101010010100011010100100111000000110001001
1001011000110100101110010010100011010110000100111111110000011111
1101111101011110011101100110110111101100010101001100001100100000
0011100010101100111011010101010110010011001010110011100010011111
1001101111001100100000010011010100001011011001100100000111000000
1110001001011010110101100101100111010010111000101001011110010010
1111011100000010111000010011011110110011110101111111000001100101
1010001001101111101100100110101100111100101100001111111100111011
0010110001101011111001110000001111000110100100000010111001011111
0100110011011100101010111110001011010001000111011011100010100101
1110111001111111100000100100101100100111001010010111011100000011
1111110100110010110110110111110101110100110011111001111100011010
1000010001111010011101001010110000111101110000100011000001000101
1111010100110111100010011000011011001111010011000100110101001001
0010101111110101101000111001000010100000111010100111100010101100
1010100000000111101110110100111001010000001111100001100001000011
0001101100111001111011010101010000010110011100110001111000111011
1011001110100100100001110010011000111011011000110011100110101010
0111110010110111101110001000111011000111110111001000111110111001
0110111101100101101000101010101001000011001000111011011100100000
0101101100000111111000101101100000101101011110011011110010010101
0011000000110111100000100000111100011111001100111100010100101011
0110011011111101011100110101110011111001100100101100100010111100
0000010101010001110010010010011000001000010011101000110101101110
1110111110001100000011111101000111011100100011100000000101011010
1000010011100001001010110111010000000111010111101100111001001001
1001110001011010101100100111000110000001101000100101000110101010
0100110101111100110000100001110001110101010000100110101100100000
1101101110100001100010010110100111100000000111111001011000010000
0001100011010010100100001100101110101111110000011100000010010111
1010000100110111001000010101101000001100101011001001100011100110
0011100101000001001100110101010000110011110010111101100100101011
1000101011011101111011101010011101011011100000011010010100100010
0000011111011101000101011101000110101100011101101101000100101111
0000100000001011111101101010010101010100101110010010111001100101
1110011101111000001011001010011010010100000110011100000110000001
0011000100100110110110011000110010110001001000010001000100110110
1111111010000110111101010001111011101010001111111100100110100010
1010100001010110010111111010110100110000000111000000010010010101
0011111011000011110000001100000100001111100001101011101110000001
0100001100101110011001111101000100100001101100011101000100111011
0011100011011000110001110000100001010010000011010001100000001011
0010111111110111111110100101110011110001011100000010011000101100
0110010000100001111000111010000110011010011011111010101010000100
0100100100111010010100000000111010111010010000010000010000010011
1101110100011100101110011101011101010001001101010011011100101111
1101100111010011111000111110111010100100010111111001000001111101
1110000001010101101111010011010111111001011111010100010000110011
1110110111000010010001001001100100010001011010011010001001110011
1110000100101010010000001100101010010010001001011110101000101111
1100111010100101101010111010010100000111010000111011111100001000
0011001100101111010110001101010100001110110000010111110001100011
0100111010011010100010011100001101110101111000011100000001111100
1001000001110000000000011111110111011000101000000101101010110100
0101011100010010001110001011110011000100101011110011011000101001
1001001000011111000010000110101000100100000011101010100010010010
0100010111010100110000001111010001110100011110000101100011101110
0110000001001000101001111111100011111011000010001001010110010010
1110111101101101100011100101111111101010101001100010100110100001
1011100111011101111001001110110100111100100010101011011100011111
1011001110011100000000100101100001011001100110011100110001001101
0000001000110111111100001000111001000000010111011101111110111001
1000101101101010001001010011000100011001111001010100010110001000
0000001000100011111000010010001110001110011000101101110001111001
0000010100101010101000101110111010100000101010010110110000100100
1110111101001111010000101011111001011111000011110111100010111011
0100101010011101100011010011000010010010001111001010101000110000
0110101011110010010100100111001000001101001000101011001000001001
0100110100001110111001000000011110010011001100000011111100000110
0101010101011001000000100101011001010011001001111011101010101000
0010110011100100110001100010010101110101111110010010110001011101
0000010110110110110101110011110001010011101010001110110000010110
0011000001011011001100111001110110011001100101011100001111111001
1010110110001010101011010100000010000011100011011000111011100111
0100100011101001010011010101010000110101010001011101111100111100
1010111010010101011101101101111101001100100111010000001001110111
0010101101000101011001010000100110111000010010101111101011001110
1001011001011001010110000100010110100011010100000100010111010000
0001001110010011001000100010111010100000101010111100111001001010
0101111000001100110101101100101111000010010010001000000100000010
0000011110011011111011011010101110011000010101111001010110000111
1111100010110110110010101010011010001010001101111011100110010110
0100101100000101110011100000000010110011100110101010000001100000
1111000011010000110110001000011011100101010100011001010011010100
0110011100010001010101100001010110001001000011001110100100010010
0010001000001110110011001100101010000000101010100000110001011101
