1000110000000000000011000001111100111111001011000000110000001110
0001100010000000000110000011110001110110000110001001100000011000
1111000011111001011000000110000001100000011000000000000001100000
0011110001111110000110001001100001111000000110000000000010011000
0011000000000001001100100001100011111100000000000011000000110000
1111111000110000001100000011000000110000000000000011000001111000
0001010001000000110000001111111111111011100010000100000100000000
0000000000000000100000001000000111111111111111011000000110000000
0010100001000000111110111110101101100000001000000000000000000000
0001100000000000000000000001000000110000101111111111111100110000
1000000010000001110111111111011110000001100000000100010000000001
0110000011011111111111110010000000100000000000000000000000100000
0000001000000011111110111111110100000011000000100000000100000000
0000000000010000000110001111101110111111000110001001000000000000
0001000000000000000100000001100000011000111111111111111100011000
0001000000010000000110001111111111111111000110000001100010000001
0001001000000000000000000001010010011000101101111111111100011100
0000000000000000001100000001100011111111111111110001100000010000
1001010001100000011000001001000000001001000011100000011000001001
1000000110000001010000100010010000111000001110000010010001010010
1100011011000100001000010001001000001100000011000001001100100001
1101000001100000011000001001000000001001000001100000011000001001
0010011000001001100100010110000001000000110100000000100100000110
0000100100000110000001100000100110011000011000000110000010010000
0001100000000000000110000011110101111110000110000001100000111000
0000011000000111110111110000011000000110000001100000110000000000
0000000101001100000111101011111100001101001011010000110010001100
0101100000111100011111110001100000010000000100000001100000000000
0001100000111000011111100001100000001000000110000001100000000000
0010011000001110100111110000111000100110100001100100011000100000
1100000001101111111111111100000101000000000000000000011001000000
1000000010000001111011111111111110000001100000000000000000000000
0000000000100000000110001101111111111111000110000001100000000000
0010010101100000111111110111111101100000001000000000000000000000
1100000000100001011000001111111111111111001000000010000000000000
0000000010000000100000011111111111111111100000011000000000000000
0000000000000000010001000000011001111111111111110000001000000100
0001100011111111111111110001100000010000001100000000010000010000
0000110011111111111111110000010000001000001000000000000000011000
0000000000100000000000100000000111111111111111110000001100000010
0001100000000010000000111111111111111111000000110000001000000000
0000000000000101100000011111111111111111100000010000000100000000
1000000000001001000001100000011000001001100100000110000001100000
1000000101000010101001000001100000011000001001001100101011000001
0110000010010000000010010000011010000110000111011001100001100000
0010000111000000111010000010000100010011000011000011110000010010
0010000110000000110001000010000100010010000011000100100000010010
0000011010001001100100000010000001100000100100001000100100000110
0010010000011110000111110001110000001100000011000010110000000000
0000000000110000011110001111110000110011001100000011000000110001
0001000001000000111100001111100101100110011000000110000001100000
0111000001111000111111000010000000110000001110000011000000000000
0000100001100000111100001111100101100000011000000110100001100001
0111100011111100001100000011000000111000101100000000000000110000
0011000000000000010000001010000001100000111111111111111101100000
0000000001000000110000001111111111111110110000000100000000001000
0001000000010000001100001111111111111111000110000001000000000000
1000000000000000000000001000000010000001111111111111110110000001
0010000000000000010000000000000001100000111111111011111101100000
0010000001100000111111111111111101100000001000000000000000000000
0000001000000011111111111111101100000011000101100000000000000000
0001011011111111111111111000011000000100000010000000000000000100
0000000010000000000000011101000111111111111111111000000100000001
0000000000100000000100000001100011111111111111110001100000010000
0000001000000011011111111111111100000011001000100000001000100000
0000010000000000000000000000010000010110111111111111111000000110
1000010001001000001100000011010001001100100001000000001100000011
0010000111000000110000000010000100010010000011000000000000010000
1000010100000011000000111000010101101000001100000011000001101000
0010000111000000110000000010000101010011000011000000110001010010
0010010100000000110000000010000100010010100011000000100000010010
1100000000100001000100100000110000001100000101100010000111000000
0111101100001100000011100010110000001100000000000000110000011110
0011111100101100000011000000110000001100000101000000110000011110
0000000000100110000011111001111100000110000001100000011000000110
0010110001111111000110000001100000011000000110000000000000011001
0011111100001100000011000000110000001100000000000000110000010110
0000110000011110000111100000110000001100000011000010110000000000
0000000010000000100000011111111111110011100000011000000000000000
0001100011111111111111110001100000001000010000000000000000001000
0000000000000000100000001000000111111111111111111000000110000000
0001000000000000000000000001000000111000111110111110111100110000
0000000000000000010000001100010011111111101111111100001001000000
0000000111111111111111111000000110000000000100000000000010000000
0000100000000000000010000000100000011100111111111111111100001100
0000000000000110000001101111011101111111001001100010010000000000
0000110010000000000000100000010000000110111111111111111100000110
0000000000000000000000011000000111111111111011111000000100000001
0000000100000000000010010000110011111111111010110000110000001000
0000000000000010000000111111111111111111000000110000001000000000
1000001001001000000100000011000101001000111001000000001100001001
1000000000000000001000000001001000001110000011000001001100100001
0010000111000000110010000000000100010010000011000000110000010110
0100100000110100001100000100100010000100000000100000001110000000
0000101100000110000001100000100110010000011000000110001010010000
0001001000001100000001001101001000100001110000001100000000100001
1111110000110000001100000011000000110000000000100011000001111000
0000000000000110000011111001111100100110000001110000011000000110
0111010001110100001100000011101000111000000100000010000000110000
1111100101100000011000000110000001100010000000000110000011110000
0011000100000000001100000111100011111100001100000011000000111000
1001110100000111000001100100011000001110000000000000011000011111
0000000000000000011000000110000011111111111111110110000000100000
0000000000000000000010001001100010111111110111111000100001001000
0011000011111111111111110011000000010000000000000000000000010000
0000100000000000100000001000000111111101111111111000000110000000
1000000000000000000000000010100000111000111111011111111100011000
0000100000000000000000000000100000011000111111111110111101011000
0001000000011000111111111111011100011000001100000000000000000000
0000010000000000010000000010010000000110111011111111111100000110
0000000000000010000000011111111111111111000000010000001000000000
0000000000011000111110111111111100011000000100000000000000000000
0000100010000000000000000000100000001100111011111011011100001010
0000010100000000000010000000010000000110111110111111111100000110
1001000001001001001001100001011000001001100100000110000001100000
1001000000000001000011100000011000001001100100000110000001001000
1001000001100000011000001000000000001101000001100000010100001001
0110000010010100100010000000011000000110000010011000000101100000
0000100110010000011000000111000010010000000010010000011000000110
0010010111000000110000000010000100010010000111000000110000000010
